#Elapsed Time (secs),Bytes Received,Requests Serviced, Requests Failed, Comment
   0.25098,       1034,          0,          0, (null)
   0.25584,       1034,          1,          0, /courses/ud923/filecorpus/1kb-sample-file-1.html
   0.53968,       2107,          1,          0, (null)
   0.54374,       2107,          2,          0, /courses/ud923/filecorpus/1kb-sample-file-2.png
   0.81890,       3402,          2,          0, (null)
   0.82291,       3402,          3,          0, /courses/ud923/filecorpus/1kb-sample-file-3.jpg
   1.07829,       4675,          3,          0, (null)
   1.08278,       4675,          4,          0, /courses/ud923/filecorpus/1kb-sample-file-4.png
   1.96814,       8752,          4,          0, (null)
   1.96824,      12848,          4,          0, (null)
   1.96825,      16944,          4,          0, (null)
   1.96825,      21040,          4,          0, (null)
   1.96826,      25136,          4,          0, (null)
   1.96826,      29232,          4,          0, (null)
   1.96827,      33328,          4,          0, (null)
   1.96827,      37424,          4,          0, (null)
   1.96828,      41520,          4,          0, (null)
   1.96828,      45616,          4,          0, (null)
   1.96829,      49712,          4,          0, (null)
   1.96829,      53808,          4,          0, (null)
   1.96830,      57904,          4,          0, (null)
   1.96830,      62000,          4,          0, (null)
   1.96830,      66096,          4,          0, (null)
   1.96831,      70192,          4,          0, (null)
   1.96831,      74288,          4,          0, (null)
   1.96832,      78384,          4,          0, (null)
   1.96832,      82480,          4,          0, (null)
   1.96833,      86576,          4,          0, (null)
   1.96833,      90672,          4,          0, (null)
   1.96834,      94768,          4,          0, (null)
   1.96834,      98864,          4,          0, (null)
   1.96835,     102960,          4,          0, (null)
   1.96835,     107056,          4,          0, (null)
   1.96836,     111152,          4,          0, (null)
   1.96837,     115248,          4,          0, (null)
   1.96837,     119344,          4,          0, (null)
   1.96838,     123440,          4,          0, (null)
   1.96838,     127536,          4,          0, (null)
   1.96839,     131632,          4,          0, (null)
   1.96839,     135728,          4,          0, (null)
   1.96840,     139824,          4,          0, (null)
   1.96840,     143920,          4,          0, (null)
   1.96841,     148016,          4,          0, (null)
   1.96841,     152112,          4,          0, (null)
   1.96842,     156208,          4,          0, (null)
   1.96842,     160304,          4,          0, (null)
   1.96843,     164400,          4,          0, (null)
   1.96843,     168496,          4,          0, (null)
   1.96844,     172592,          4,          0, (null)
   1.96844,     176688,          4,          0, (null)
   1.96844,     180784,          4,          0, (null)
   1.96845,     184880,          4,          0, (null)
   1.96845,     188976,          4,          0, (null)
   1.96846,     193072,          4,          0, (null)
   1.96846,     197168,          4,          0, (null)
   1.96847,     201264,          4,          0, (null)
   1.96847,     205360,          4,          0, (null)
   1.96848,     209456,          4,          0, (null)
   1.96848,     213552,          4,          0, (null)
   1.96849,     217648,          4,          0, (null)
   1.96849,     221744,          4,          0, (null)
   1.96850,     225840,          4,          0, (null)
   1.96850,     229936,          4,          0, (null)
   1.96851,     234032,          4,          0, (null)
   1.96851,     237849,          4,          0, (null)
   1.97348,     237849,          5,          0, /courses/ud923/filecorpus/paraglider.jpg
   2.62655,     241926,          5,          0, (null)
   2.62662,     246022,          5,          0, (null)
   2.62663,     250118,          5,          0, (null)
   2.62663,     254214,          5,          0, (null)
   2.62665,     258310,          5,          0, (null)
   2.62665,     262406,          5,          0, (null)
   2.62666,     266502,          5,          0, (null)
   2.62666,     270598,          5,          0, (null)
   2.62667,     274694,          5,          0, (null)
   2.62667,     278790,          5,          0, (null)
   2.62668,     282886,          5,          0, (null)
   2.62668,     286982,          5,          0, (null)
   2.62669,     291078,          5,          0, (null)
   2.62669,     295174,          5,          0, (null)
   2.62670,     299270,          5,          0, (null)
   2.62670,     303366,          5,          0, (null)
   2.62671,     307462,          5,          0, (null)
   2.62671,     311558,          5,          0, (null)
   2.62672,     315654,          5,          0, (null)
   2.62672,     319750,          5,          0, (null)
   2.62673,     323846,          5,          0, (null)
   2.62673,     327942,          5,          0, (null)
   2.62674,     332038,          5,          0, (null)
   2.62674,     336134,          5,          0, (null)
   2.62674,     340230,          5,          0, (null)
   2.62675,     344326,          5,          0, (null)
   2.62675,     348422,          5,          0, (null)
   2.62676,     352518,          5,          0, (null)
   2.62676,     356614,          5,          0, (null)
   2.62677,     360710,          5,          0, (null)
   2.62677,     364806,          5,          0, (null)
   2.62678,     368902,          5,          0, (null)
   2.62678,     372998,          5,          0, (null)
   2.62679,     376026,          5,          0, (null)
   2.63029,     376026,          6,          0, /courses/ud923/filecorpus/road.jpg
   3.07943,     380103,          6,          0, (null)
   3.07948,     384199,          6,          0, (null)
   3.07949,     388295,          6,          0, (null)
   3.07950,     392391,          6,          0, (null)
   3.07951,     396487,          6,          0, (null)
   3.07952,     400583,          6,          0, (null)
   3.07953,     404679,          6,          0, (null)
   3.07954,     408775,          6,          0, (null)
   3.07954,     412871,          6,          0, (null)
   3.07955,     416967,          6,          0, (null)
   3.07956,     421063,          6,          0, (null)
   3.07957,     425159,          6,          0, (null)
   3.07958,     429255,          6,          0, (null)
   3.07959,     433351,          6,          0, (null)
   3.07960,     437447,          6,          0, (null)
   3.07960,     441543,          6,          0, (null)
   3.07961,     445639,          6,          0, (null)
   3.07962,     449735,          6,          0, (null)
   3.07963,     453831,          6,          0, (null)
   3.07963,     457927,          6,          0, (null)
   3.07964,     462023,          6,          0, (null)
   3.07965,     466119,          6,          0, (null)
   3.07966,     470215,          6,          0, (null)
   3.07966,     474311,          6,          0, (null)
   3.07967,     478407,          6,          0, (null)
   3.07968,     480270,          6,          0, (null)
   3.08962,     480270,          7,          0, /courses/ud923/filecorpus/yellowstone.jpg
   4.26299,     484347,          7,          0, (null)
   4.26303,     488443,          7,          0, (null)
   4.26304,     492539,          7,          0, (null)
   4.26305,     496635,          7,          0, (null)
   4.26305,     500731,          7,          0, (null)
   4.26306,     504827,          7,          0, (null)
   4.26306,     508923,          7,          0, (null)
   4.26307,     513019,          7,          0, (null)
   4.26307,     517115,          7,          0, (null)
   4.26308,     521211,          7,          0, (null)
   4.26308,     525307,          7,          0, (null)
   4.26309,     529403,          7,          0, (null)
   4.26309,     533499,          7,          0, (null)
   4.26310,     537595,          7,          0, (null)
   4.26310,     541691,          7,          0, (null)
   4.26312,     545787,          7,          0, (null)
   4.26313,     549883,          7,          0, (null)
   4.26313,     553979,          7,          0, (null)
   4.26314,     558075,          7,          0, (null)
   4.26314,     562171,          7,          0, (null)
   4.26315,     566267,          7,          0, (null)
   4.26315,     570363,          7,          0, (null)
   4.26316,     574459,          7,          0, (null)
   4.26316,     578555,          7,          0, (null)
   4.26317,     582651,          7,          0, (null)
   4.26318,     586747,          7,          0, (null)
   4.26318,     590843,          7,          0, (null)
   4.26319,     594939,          7,          0, (null)
   4.26319,     599035,          7,          0, (null)
   4.26320,     603131,          7,          0, (null)
   4.26320,     607227,          7,          0, (null)
   4.26321,     611323,          7,          0, (null)
   4.26321,     615419,          7,          0, (null)
   4.26322,     619515,          7,          0, (null)
   4.26322,     623611,          7,          0, (null)
   4.26323,     627707,          7,          0, (null)
   4.26323,     631803,          7,          0, (null)
   4.26324,     635899,          7,          0, (null)
   4.26324,     639995,          7,          0, (null)
   4.26325,     644091,          7,          0, (null)
   4.26325,     648187,          7,          0, (null)
   4.26326,     652283,          7,          0, (null)
   4.26326,     656379,          7,          0, (null)
   4.26327,     660475,          7,          0, (null)
   4.26327,     664571,          7,          0, (null)
   4.26328,     668667,          7,          0, (null)
   4.26328,     672763,          7,          0, (null)
   4.26329,     676859,          7,          0, (null)
   4.26329,     680955,          7,          0, (null)
   4.26330,     685051,          7,          0, (null)
   4.26330,     689147,          7,          0, (null)
   4.26331,     693243,          7,          0, (null)
   4.26331,     697339,          7,          0, (null)
   4.26332,     701435,          7,          0, (null)
   4.26332,     705531,          7,          0, (null)
   4.26333,     709627,          7,          0, (null)
   4.26333,     713723,          7,          0, (null)
   4.26334,     717819,          7,          0, (null)
   4.26334,     721915,          7,          0, (null)
   4.26335,     726011,          7,          0, (null)
   4.26335,     730107,          7,          0, (null)
   4.26335,     734203,          7,          0, (null)
   4.26335,     738299,          7,          0, (null)
   4.26336,     742395,          7,          0, (null)
   4.26337,     746491,          7,          0, (null)
   4.26337,     750587,          7,          0, (null)
   4.26338,     754683,          7,          0, (null)
   4.26338,     758779,          7,          0, (null)
   4.26338,     762875,          7,          0, (null)
   4.26339,     766971,          7,          0, (null)
   4.26340,     771067,          7,          0, (null)
   4.26340,     775163,          7,          0, (null)
   4.26341,     779259,          7,          0, (null)
   4.26341,     783355,          7,          0, (null)
   4.26342,     787451,          7,          0, (null)
   4.26342,     791547,          7,          0, (null)
   4.26342,     795643,          7,          0, (null)
   4.26343,     799739,          7,          0, (null)
   4.26344,     803835,          7,          0, (null)
   4.26344,     807931,          7,          0, (null)
   4.26345,     812027,          7,          0, (null)
   4.26345,     816123,          7,          0, (null)
   4.26346,     820219,          7,          0, (null)
   4.26346,     824315,          7,          0, (null)
   4.26347,     828411,          7,          0, (null)
   4.26347,     832507,          7,          0, (null)
   4.26348,     836603,          7,          0, (null)
   4.26348,     840699,          7,          0, (null)
   4.26349,     844795,          7,          0, (null)
   4.26349,     848891,          7,          0, (null)
   4.26350,     852987,          7,          0, (null)
   4.26351,     857083,          7,          0, (null)
   4.26351,     861179,          7,          0, (null)
   4.26352,     865275,          7,          0, (null)
   4.26353,     869371,          7,          0, (null)
   4.26353,     873467,          7,          0, (null)
   4.26354,     877563,          7,          0, (null)
   4.26354,     881659,          7,          0, (null)
   4.26355,     885755,          7,          0, (null)
   4.26355,     889851,          7,          0, (null)
   4.26356,     893947,          7,          0, (null)
   4.26356,     898043,          7,          0, (null)
   4.26357,     902139,          7,          0, (null)
   4.26357,     906235,          7,          0, (null)
   4.26358,     910331,          7,          0, (null)
   4.26358,     914427,          7,          0, (null)
   4.26359,     918523,          7,          0, (null)
   4.26359,     922619,          7,          0, (null)
   4.26360,     926715,          7,          0, (null)
   4.26360,     930811,          7,          0, (null)
   4.26361,     932501,          7,          0, (null)
   4.27177,     932501,          8,          0, /courses/ud923/filecorpus/moranabovejacksonlake.jpg
   4.49997,     933771,          8,          0, (null)
   4.50288,     933771,          9,          0, /courses/ud923/filecorpus/1kb-sample-file-0.png
   4.74688,     934805,          9,          0, (null)
   4.75515,     934805,         10,          0, /courses/ud923/filecorpus/1kb-sample-file-1.html
